[gd_scene load_steps=13 format=3 uid="uid://cabgrr2bvykhs"]

[ext_resource type="Script" uid="uid://c7554dwiw4quj" path="res://Scenes/Player/spider_bot/start_ik.gd" id="1_n6l5c"]
[ext_resource type="PackedScene" uid="uid://b1n5rqw53onuo" path="res://Scenes/Player/spider_bot/spider_bot_model.gltf" id="1_vovvw"]
[ext_resource type="Script" uid="uid://cfvm5ylrw0kqf" path="res://Scenes/Player/spider_bot/spider_bot.gd" id="2_kfpvc"]
[ext_resource type="Script" uid="uid://1g3w36rtmt44" path="res://Scenes/Player/spider_bot/step_ray.gd" id="4_8a6ki"]
[ext_resource type="Script" uid="uid://cvppf16by64p3" path="res://Scenes/Player/spider_bot/ik_target.gd" id="4_p25cf"]
[ext_resource type="Script" uid="uid://cvjfl81d7rshp" path="res://Scenes/Player/SpringArmPivot.gd" id="4_q4v4l"]
[ext_resource type="Script" uid="uid://dji4w86dfmjly" path="res://Scenes/Player/spider_bot/StepTargetContainer.gd" id="5_yguvh"]
[ext_resource type="PackedScene" uid="uid://ffmacfd1nhsf" path="res://Scenes/Egg/Egg.tscn" id="8_muisj"]

[sub_resource type="StandardMaterial3D" id="StandardMaterial3D_dwxtc"]
albedo_color = Color(0.396078, 0.396078, 0.396078, 1)

[sub_resource type="ConvexPolygonShape3D" id="ConvexPolygonShape3D_kh3g3"]
points = PackedVector3Array(0.8044668, 2.8985083, 0.9787539, 0.9928348, 2.8979568, 0.7894549, 0.80239654, 0.02388328, 0.9287433, -0.98994774, 2.9001973, 0.79088384, -0.9922563, 0.062073514, 0.79291713, 0.7980492, 0.078988425, -0.99565077, 0.79719824, 2.698915, -0.8076454, -0.9834948, 0.075006135, -0.81020516, -0.9834482, 2.515716, -0.81017077, -0.80262446, 0.06206834, 0.98254156, 0.9852905, 0.07901179, -0.80840945, -0.78927577, 3.0203671, 0.5455538, 0.9956296, 0.063750505, 0.7919165, -0.8007562, 2.9002023, 0.98006827, 0.9863898, 2.5141485, -0.8092207, -0.7513721, 0.02248278, -0.9543828, 0.7926813, 2.4595373, -0.9894946, -0.7889494, 2.4606767, -0.9906058, -0.26459998, 0.19559373, -1.0840085, 0.8490882, 3.03563, 0.74017024, -0.7925438, 2.6989844, -0.8074825, 0.8063692, 0.06381763, 0.98127186, 0.9482001, 0.01630013, -0.76875615, -0.9400582, 0.022113182, 0.7885772, -0.79553723, 0.07499447, -0.99816275, 0.7980058, 3.0279515, 0.54875267, -0.7512939, 3.0374606, 0.8353751, 0.28760985, 0.007708544, 0.9396085, -0.945425, 0.013524989, -0.77001333, 0.26459998, 0.21814352, -1.0670935, 0.6994516, 2.6457398, -0.89635146, 0.80713457, 0.014964516, -0.91138655)

[sub_resource type="StandardMaterial3D" id="StandardMaterial3D_dg2m1"]
albedo_color = Color(1, 0, 0, 1)
emission_enabled = true
emission = Color(1, 0, 0, 1)
emission_energy_multiplier = 5.14

[sub_resource type="StandardMaterial3D" id="StandardMaterial3D_ahgjw"]
albedo_color = Color(0.52549, 0.52549, 0.52549, 1)

[node name="SpiderBot" instance=ExtResource("1_vovvw")]
script = ExtResource("2_kfpvc")

[node name="Armature" parent="." index="0"]
transform = Transform3D(3.06884, 0, 0, 0, 3.06884, 0, 0, 0, 3.06884, 0.115582, 0, 0)

[node name="Body_2" parent="Armature/Skeleton3D/Body_2" index="0"]
material_override = SubResource("StandardMaterial3D_dwxtc")

[node name="Area3D" type="Area3D" parent="Armature/Skeleton3D/Body_2/Body_2" index="0"]

[node name="CollisionShape3D" type="CollisionShape3D" parent="Armature/Skeleton3D/Body_2/Body_2/Area3D" index="0"]
shape = SubResource("ConvexPolygonShape3D_kh3g3")

[node name="Cylinder" parent="Armature/Skeleton3D/Cylinder" index="0"]
material_override = SubResource("StandardMaterial3D_dg2m1")

[node name="Leg" parent="Armature/Skeleton3D" index="2"]
material_override = SubResource("StandardMaterial3D_ahgjw")

[node name="FrontLeftIK" type="SkeletonIK3D" parent="Armature/Skeleton3D" index="3"]
process_priority = 1
root_bone = &"leg1FrontLeft"
tip_bone = &"Foot IKFrontLeft"
use_magnet = true
magnet = Vector3(0, 10, 0)
target_node = NodePath("../../../FrontLeftIKTarget")
script = ExtResource("1_n6l5c")

[node name="FrontRightIK" type="SkeletonIK3D" parent="Armature/Skeleton3D" index="4"]
process_priority = 1
root_bone = &"leg1FrontRight"
tip_bone = &"Foot IKFrontRight"
use_magnet = true
magnet = Vector3(0, 10, 0)
target_node = NodePath("../../../FrontRightIKTarget")
script = ExtResource("1_n6l5c")

[node name="BackLeftIK" type="SkeletonIK3D" parent="Armature/Skeleton3D" index="5"]
process_priority = 1
root_bone = &"leg1BackLeft"
tip_bone = &"Foot IKBackLeft"
use_magnet = true
magnet = Vector3(0, 10, 0)
target_node = NodePath("../../../BackLeftIKTarget")
script = ExtResource("1_n6l5c")

[node name="BackRightIK" type="SkeletonIK3D" parent="Armature/Skeleton3D" index="6"]
process_priority = 1
root_bone = &"leg1BackRight"
tip_bone = &"Foot IKBackRight"
use_magnet = true
magnet = Vector3(0, 10, 0)
target_node = NodePath("../../../BackRightIKTarget")
script = ExtResource("1_n6l5c")

[node name="camera_mount" type="Node3D" parent="Armature" index="1"]
transform = Transform3D(1, 0, 0, 0, 1, 0, 0, 0, 1, 0, 0.5769539, 0)
script = ExtResource("4_q4v4l")

[node name="SpringArm3D" type="SpringArm3D" parent="Armature/camera_mount" index="0"]
transform = Transform3D(1, 0, 0, 0, 1, 0, 0, 0, 1, 0, 0.4118929, 1.3080688)
spring_length = 4.0

[node name="Camera3D" type="Camera3D" parent="Armature/camera_mount/SpringArm3D" index="0"]
transform = Transform3D(1, 0, 0, 0, 0.9965655, 0.08280821, 0, -0.08280821, 0.9965655, 0, 0.022227407, 0.020395637)

[node name="FrontLeftIKTarget" type="Marker3D" parent="." index="1" node_paths=PackedStringArray("step_target", "adjacent_target", "opposite_target")]
transform = Transform3D(1, 0, 0, 0, 1, 0, 0, 0, 1, -3.59332, -2.10824, -3.54813)
top_level = true
script = ExtResource("4_p25cf")
step_target = NodePath("../StepTargetContainer/FrontLeftRay/FrontLeftStepTarget")
adjacent_target = NodePath("../FrontRightIKTarget")
opposite_target = NodePath("../BackRightIKTarget")

[node name="FrontRightIKTarget" type="Marker3D" parent="." index="2" node_paths=PackedStringArray("step_target", "adjacent_target", "opposite_target")]
transform = Transform3D(1, 0, 0, 0, 1, 0, 0, 0, 1, 3.59141, -2.10824, -3.54813)
top_level = true
script = ExtResource("4_p25cf")
step_target = NodePath("../StepTargetContainer/FrontRightRay/FrontRightStepTarget")
adjacent_target = NodePath("../FrontLeftIKTarget")
opposite_target = NodePath("../BackLeftIKTarget")

[node name="BackLeftIKTarget" type="Marker3D" parent="." index="3" node_paths=PackedStringArray("step_target", "adjacent_target", "opposite_target")]
transform = Transform3D(1, 0, 0, 0, 1, 0, 0, 0, 1, -3.59332, -2.10824, 3.59141)
top_level = true
script = ExtResource("4_p25cf")
step_target = NodePath("../StepTargetContainer/BackLeftRay/BackLeftStepTarget")
adjacent_target = NodePath("../BackRightIKTarget")
opposite_target = NodePath("../FrontRightIKTarget")

[node name="BackRightIKTarget" type="Marker3D" parent="." index="4" node_paths=PackedStringArray("step_target", "adjacent_target", "opposite_target")]
transform = Transform3D(1, 0, 0, 0, 1, 0, 0, 0, 1, 3.59141, -2.10824, 3.59141)
top_level = true
script = ExtResource("4_p25cf")
step_target = NodePath("../StepTargetContainer/BackRightRay/BackRightStepTarget")
adjacent_target = NodePath("../BackLeftIKTarget")
opposite_target = NodePath("../FrontLeftIKTarget")

[node name="StepTargetContainer" type="Node3D" parent="." index="5"]
script = ExtResource("5_yguvh")

[node name="FrontLeftRay" type="RayCast3D" parent="StepTargetContainer" index="0" node_paths=PackedStringArray("step_target")]
transform = Transform3D(0.996195, 0.0871557, 4.63889e-10, -0.0868241, 0.992404, -0.0871557, -0.00759612, 0.0868241, 0.996195, -3.13864, 3.06899, -3.09518)
target_position = Vector3(0, -10, 0)
script = ExtResource("4_8a6ki")
step_target = NodePath("FrontLeftStepTarget")

[node name="FrontLeftStepTarget" type="Marker3D" parent="StepTargetContainer/FrontLeftRay" index="0"]
transform = Transform3D(0.996195, -0.0868241, -0.00759612, 0.0871557, 0.992404, 0.0868241, 9.31322e-10, -0.0871557, 0.996195, 0, -5.21685, 0)

[node name="FrontRightRay" type="RayCast3D" parent="StepTargetContainer" index="1" node_paths=PackedStringArray("step_target")]
transform = Transform3D(0.996195, -0.0871557, -4.63889e-10, 0.0868241, 0.992404, -0.0871557, 0.00759612, 0.0868241, 0.996195, 3.13673, 3.06899, -3.09518)
target_position = Vector3(0, -10, 0)
script = ExtResource("4_8a6ki")
step_target = NodePath("FrontRightStepTarget")

[node name="FrontRightStepTarget" type="Marker3D" parent="StepTargetContainer/FrontRightRay" index="0"]
transform = Transform3D(0.996195, 0.0868241, 0.00759612, -0.0871557, 0.992404, 0.0868241, -9.31322e-10, -0.0871557, 0.996195, -2.38419e-07, -5.21685, 0)

[node name="BackLeftRay" type="RayCast3D" parent="StepTargetContainer" index="2" node_paths=PackedStringArray("step_target")]
transform = Transform3D(0.996195, 0.0871557, -4.63889e-10, -0.0868241, 0.992404, 0.0871557, 0.00759612, -0.0868241, 0.996195, -3.13864, 3.06899, 3.13846)
target_position = Vector3(0, -10, 0)
script = ExtResource("4_8a6ki")
step_target = NodePath("BackLeftStepTarget")

[node name="BackLeftStepTarget" type="Marker3D" parent="StepTargetContainer/BackLeftRay" index="0"]
transform = Transform3D(0.996195, -0.0868241, 0.00759612, 0.0871557, 0.992404, -0.0868241, -9.31322e-10, 0.0871557, 0.996195, 0, -5.21685, -2.38419e-07)

[node name="BackRightRay" type="RayCast3D" parent="StepTargetContainer" index="3" node_paths=PackedStringArray("step_target")]
transform = Transform3D(0.996195, -0.0871557, 4.63889e-10, 0.0868241, 0.992404, 0.0871557, -0.00759612, -0.0868241, 0.996195, 3.13673, 3.06899, 3.13846)
target_position = Vector3(0, -10, 0)
script = ExtResource("4_8a6ki")
step_target = NodePath("BackRightStepTarget")

[node name="BackRightStepTarget" type="Marker3D" parent="StepTargetContainer/BackRightRay" index="0"]
transform = Transform3D(0.996195, 0.0868241, -0.00759612, -0.0871557, 0.992404, -0.0868241, 9.31322e-10, 0.0871557, 0.996195, -2.38419e-07, -5.21685, -2.38419e-07)

[node name="Egg" parent="." index="6" instance=ExtResource("8_muisj")]
